0 [35] [15, 23, 27, 29, 30, 39, 43, 45, 46, 51, 53, 54, 57, 58, 60, 71, 75, 77, 78, 83, 85, 86, 89, 90, 92, 99, 101, 102, 105, 106, 108, 113, 114, 116, 120]
3 [35] [12, 20, 24, 29, 30, 36, 40, 45, 46, 48, 53, 54, 57, 58, 63, 68, 72, 77, 78, 80, 85, 86, 89, 90, 95, 96, 101, 102, 105, 106, 111, 113, 114, 119, 123]
5 [35] [10, 18, 24, 27, 30, 34, 40, 43, 46, 48, 51, 54, 57, 60, 63, 66, 72, 75, 78, 80, 83, 86, 89, 92, 95, 96, 99, 102, 105, 108, 111, 113, 116, 119, 125]
6 [35] [9, 17, 24, 27, 29, 33, 40, 43, 45, 48, 51, 53, 58, 60, 63, 65, 72, 75, 77, 80, 83, 85, 90, 92, 95, 96, 99, 101, 106, 108, 111, 114, 116, 119, 126]
9 [34] [18, 20, 23, 30, 34, 36, 39, 46, 48, 51, 53, 58, 60, 63, 66, 68, 71, 78, 80, 83, 85, 90, 92, 95, 96, 99, 101, 106, 108, 111, 113, 120, 123, 125]
10 [34] [17, 20, 23, 29, 33, 36, 39, 45, 48, 51, 54, 57, 60, 63, 65, 68, 71, 77, 80, 83, 86, 89, 92, 95, 96, 99, 102, 105, 108, 111, 114, 120, 123, 126]
12 [34] [17, 18, 23, 27, 33, 34, 39, 43, 48, 53, 54, 57, 58, 63, 65, 66, 71, 75, 80, 85, 86, 89, 90, 95, 96, 101, 102, 105, 106, 111, 116, 120, 125, 126]
15 [34] [17, 18, 20, 24, 33, 34, 36, 40, 51, 53, 54, 57, 58, 60, 65, 66, 68, 72, 83, 85, 86, 89, 90, 92, 99, 101, 102, 105, 106, 108, 119, 123, 125, 126]
17 [31] [30, 34, 36, 39, 40, 43, 45, 54, 58, 60, 63, 66, 68, 71, 72, 75, 77, 86, 90, 92, 95, 96, 99, 101, 105, 114, 116, 119, 120, 123, 125]
18 [31] [29, 33, 36, 39, 40, 43, 46, 53, 57, 60, 63, 65, 68, 71, 72, 75, 78, 85, 89, 92, 95, 96, 99, 102, 106, 113, 116, 119, 120, 123, 126]
20 [31] [27, 33, 34, 39, 40, 45, 46, 51, 57, 58, 63, 65, 66, 71, 72, 77, 78, 83, 89, 90, 95, 96, 101, 102, 108, 113, 114, 119, 120, 125, 126]
23 [31] [24, 33, 34, 36, 43, 45, 46, 48, 57, 58, 60, 65, 66, 68, 75, 77, 78, 80, 89, 90, 92, 99, 101, 102, 111, 113, 114, 116, 123, 125, 126]
24 [30] [33, 34, 36, 43, 45, 46, 51, 53, 54, 63, 65, 66, 68, 75, 77, 78, 83, 85, 86, 95, 96, 105, 106, 108, 113, 114, 116, 123, 125, 126]
27 [30] [33, 34, 39, 40, 45, 46, 48, 53, 54, 60, 65, 66, 71, 72, 77, 78, 80, 85, 86, 92, 99, 105, 106, 111, 113, 114, 119, 120, 125, 126]
29 [30] [33, 36, 39, 40, 43, 46, 48, 51, 54, 58, 65, 68, 71, 72, 75, 78, 80, 83, 86, 90, 101, 105, 108, 111, 113, 116, 119, 120, 123, 126]
30 [30] [34, 36, 39, 40, 43, 45, 48, 51, 53, 57, 66, 68, 71, 72, 75, 77, 80, 83, 85, 89, 102, 106, 108, 111, 114, 116, 119, 120, 123, 125]
33 [25] [46, 54, 58, 60, 63, 66, 68, 71, 72, 75, 77, 80, 83, 85, 89, 102, 106, 108, 111, 114, 116, 119, 120, 123, 125]
34 [25] [45, 53, 57, 60, 63, 65, 68, 71, 72, 75, 78, 80, 83, 86, 90, 101, 105, 108, 111, 113, 116, 119, 120, 123, 126]
36 [25] [43, 51, 57, 58, 63, 65, 66, 71, 72, 77, 78, 80, 85, 86, 92, 99, 105, 106, 111, 113, 114, 119, 120, 125, 126]
39 [25] [40, 48, 57, 58, 60, 65, 66, 68, 75, 77, 78, 83, 85, 86, 95, 96, 105, 106, 108, 113, 114, 116, 123, 125, 126]
40 [24] [51, 53, 54, 63, 65, 66, 68, 75, 77, 78, 80, 89, 90, 92, 99, 101, 102, 111, 113, 114, 116, 123, 125, 126]
43 [24] [48, 53, 54, 60, 65, 66, 71, 72, 77, 78, 83, 89, 90, 95, 96, 101, 102, 108, 113, 114, 119, 120, 125, 126]
45 [24] [48, 51, 54, 58, 65, 68, 71, 72, 75, 78, 85, 89, 92, 95, 96, 99, 102, 106, 113, 116, 119, 120, 123, 126]
46 [24] [48, 51, 53, 57, 66, 68, 71, 72, 75, 77, 86, 90, 92, 95, 96, 99, 101, 105, 114, 116, 119, 120, 123, 125]
48 [21] [63, 65, 66, 68, 72, 83, 85, 86, 89, 90, 92, 99, 101, 102, 105, 106, 108, 119, 123, 125, 126]
51 [21] [60, 65, 66, 71, 75, 80, 85, 86, 89, 90, 95, 96, 101, 102, 105, 106, 111, 116, 120, 125, 126]
53 [21] [58, 65, 68, 71, 77, 80, 83, 86, 89, 92, 95, 96, 99, 102, 105, 108, 111, 114, 120, 123, 126]
54 [21] [57, 66, 68, 71, 78, 80, 83, 85, 90, 92, 95, 96, 99, 101, 106, 108, 111, 113, 120, 123, 125]
57 [20] [65, 72, 75, 77, 80, 83, 85, 90, 92, 95, 96, 99, 101, 106, 108, 111, 114, 116, 119, 126]
58 [20] [66, 72, 75, 78, 80, 83, 86, 89, 92, 95, 96, 99, 102, 105, 108, 111, 113, 116, 119, 125]
60 [20] [68, 72, 77, 78, 80, 85, 86, 89, 90, 95, 96, 101, 102, 105, 106, 111, 113, 114, 119, 123]
63 [20] [71, 75, 77, 78, 83, 85, 86, 89, 90, 92, 99, 101, 102, 105, 106, 108, 113, 114, 116, 120]
65 [15] [78, 86, 90, 92, 95, 102, 106, 108, 111, 114, 116, 119, 120, 123, 125]
66 [15] [77, 85, 89, 92, 95, 101, 105, 108, 111, 113, 116, 119, 120, 123, 126]
68 [15] [75, 83, 89, 90, 95, 99, 105, 106, 111, 113, 114, 119, 120, 125, 126]
71 [15] [72, 80, 89, 90, 92, 96, 105, 106, 108, 113, 114, 116, 123, 125, 126]
72 [14] [83, 85, 86, 95, 99, 101, 102, 111, 113, 114, 116, 123, 125, 126]
75 [14] [80, 85, 86, 92, 96, 101, 102, 108, 113, 114, 119, 120, 125, 126]
77 [14] [80, 83, 86, 90, 96, 99, 102, 106, 113, 116, 119, 120, 123, 126]
78 [14] [80, 83, 85, 89, 96, 99, 101, 105, 114, 116, 119, 120, 123, 125]
80 [11] [95, 99, 101, 102, 105, 106, 108, 119, 123, 125, 126]
83 [11] [92, 96, 101, 102, 105, 106, 111, 116, 120, 125, 126]
85 [11] [90, 96, 99, 102, 105, 108, 111, 114, 120, 123, 126]
86 [11] [89, 96, 99, 101, 106, 108, 111, 113, 120, 123, 125]
89 [10] [96, 99, 101, 106, 108, 111, 114, 116, 119, 126]
90 [10] [96, 99, 102, 105, 108, 111, 113, 116, 119, 125]
92 [10] [96, 101, 102, 105, 106, 111, 113, 114, 119, 123]
95 [10] [99, 101, 102, 105, 106, 108, 113, 114, 116, 120]
96 [5] [111, 119, 123, 125, 126]
99 [5] [108, 116, 120, 125, 126]
101 [5] [106, 114, 120, 123, 126]
102 [5] [105, 113, 120, 123, 125]
105 [4] [114, 116, 119, 126]
106 [4] [113, 116, 119, 125]
108 [4] [113, 114, 119, 123]
111 [4] [113, 114, 116, 120]
113 [1] [126]
114 [1] [125]
116 [1] [123]
119 [1] [120]


bidi

0 [35] [15, 23, 27, 29, 30, 39, 43, 45, 46, 51, 53, 54, 57, 58, 60, 71, 75, 77, 78, 83, 85, 86, 89, 90, 92, 99, 101, 102, 105, 106, 108, 113, 114, 116, 120]
3 [35] [12, 20, 24, 29, 30, 36, 40, 45, 46, 48, 53, 54, 57, 58, 63, 68, 72, 77, 78, 80, 85, 86, 89, 90, 95, 96, 101, 102, 105, 106, 111, 113, 114, 119, 123]
5 [35] [10, 18, 24, 27, 30, 34, 40, 43, 46, 48, 51, 54, 57, 60, 63, 66, 72, 75, 78, 80, 83, 86, 89, 92, 95, 96, 99, 102, 105, 108, 111, 113, 116, 119, 125]
6 [35] [9, 17, 24, 27, 29, 33, 40, 43, 45, 48, 51, 53, 58, 60, 63, 65, 72, 75, 77, 80, 83, 85, 90, 92, 95, 96, 99, 101, 106, 108, 111, 114, 116, 119, 126]
9 [35] [6, 18, 20, 23, 30, 34, 36, 39, 46, 48, 51, 53, 58, 60, 63, 66, 68, 71, 78, 80, 83, 85, 90, 92, 95, 96, 99, 101, 106, 108, 111, 113, 120, 123, 125]
10 [35] [5, 17, 20, 23, 29, 33, 36, 39, 45, 48, 51, 54, 57, 60, 63, 65, 68, 71, 77, 80, 83, 86, 89, 92, 95, 96, 99, 102, 105, 108, 111, 114, 120, 123, 126]
12 [35] [3, 17, 18, 23, 27, 33, 34, 39, 43, 48, 53, 54, 57, 58, 63, 65, 66, 71, 75, 80, 85, 86, 89, 90, 95, 96, 101, 102, 105, 106, 111, 116, 120, 125, 126]
15 [35] [0, 17, 18, 20, 24, 33, 34, 36, 40, 51, 53, 54, 57, 58, 60, 65, 66, 68, 72, 83, 85, 86, 89, 90, 92, 99, 101, 102, 105, 106, 108, 119, 123, 125, 126]
17 [35] [6, 10, 12, 15, 30, 34, 36, 39, 40, 43, 45, 54, 58, 60, 63, 66, 68, 71, 72, 75, 77, 86, 90, 92, 95, 96, 99, 101, 105, 114, 116, 119, 120, 123, 125]
18 [35] [5, 9, 12, 15, 29, 33, 36, 39, 40, 43, 46, 53, 57, 60, 63, 65, 68, 71, 72, 75, 78, 85, 89, 92, 95, 96, 99, 102, 106, 113, 116, 119, 120, 123, 126]
20 [35] [3, 9, 10, 15, 27, 33, 34, 39, 40, 45, 46, 51, 57, 58, 63, 65, 66, 71, 72, 77, 78, 83, 89, 90, 95, 96, 101, 102, 108, 113, 114, 119, 120, 125, 126]
23 [35] [0, 9, 10, 12, 24, 33, 34, 36, 43, 45, 46, 48, 57, 58, 60, 65, 66, 68, 75, 77, 78, 80, 89, 90, 92, 99, 101, 102, 111, 113, 114, 116, 123, 125, 126]
24 [35] [3, 5, 6, 15, 23, 33, 34, 36, 43, 45, 46, 51, 53, 54, 63, 65, 66, 68, 75, 77, 78, 83, 85, 86, 95, 96, 105, 106, 108, 113, 114, 116, 123, 125, 126]
27 [35] [0, 5, 6, 12, 20, 33, 34, 39, 40, 45, 46, 48, 53, 54, 60, 65, 66, 71, 72, 77, 78, 80, 85, 86, 92, 99, 105, 106, 111, 113, 114, 119, 120, 125, 126]
29 [35] [0, 3, 6, 10, 18, 33, 36, 39, 40, 43, 46, 48, 51, 54, 58, 65, 68, 71, 72, 75, 78, 80, 83, 86, 90, 101, 105, 108, 111, 113, 116, 119, 120, 123, 126]
30 [35] [0, 3, 5, 9, 17, 34, 36, 39, 40, 43, 45, 48, 51, 53, 57, 66, 68, 71, 72, 75, 77, 80, 83, 85, 89, 102, 106, 108, 111, 114, 116, 119, 120, 123, 125]
33 [35] [6, 10, 12, 15, 18, 20, 23, 24, 27, 29, 46, 54, 58, 60, 63, 66, 68, 71, 72, 75, 77, 80, 83, 85, 89, 102, 106, 108, 111, 114, 116, 119, 120, 123, 125]
34 [35] [5, 9, 12, 15, 17, 20, 23, 24, 27, 30, 45, 53, 57, 60, 63, 65, 68, 71, 72, 75, 78, 80, 83, 86, 90, 101, 105, 108, 111, 113, 116, 119, 120, 123, 126]
36 [35] [3, 9, 10, 15, 17, 18, 23, 24, 29, 30, 43, 51, 57, 58, 63, 65, 66, 71, 72, 77, 78, 80, 85, 86, 92, 99, 105, 106, 111, 113, 114, 119, 120, 125, 126]
39 [35] [0, 9, 10, 12, 17, 18, 20, 27, 29, 30, 40, 48, 57, 58, 60, 65, 66, 68, 75, 77, 78, 83, 85, 86, 95, 96, 105, 106, 108, 113, 114, 116, 123, 125, 126]
40 [35] [3, 5, 6, 15, 17, 18, 20, 27, 29, 30, 39, 51, 53, 54, 63, 65, 66, 68, 75, 77, 78, 80, 89, 90, 92, 99, 101, 102, 111, 113, 114, 116, 123, 125, 126]
43 [35] [0, 5, 6, 12, 17, 18, 23, 24, 29, 30, 36, 48, 53, 54, 60, 65, 66, 71, 72, 77, 78, 83, 89, 90, 95, 96, 101, 102, 108, 113, 114, 119, 120, 125, 126]
45 [35] [0, 3, 6, 10, 17, 20, 23, 24, 27, 30, 34, 48, 51, 54, 58, 65, 68, 71, 72, 75, 78, 85, 89, 92, 95, 96, 99, 102, 106, 113, 116, 119, 120, 123, 126]
46 [35] [0, 3, 5, 9, 18, 20, 23, 24, 27, 29, 33, 48, 51, 53, 57, 66, 68, 71, 72, 75, 77, 86, 90, 92, 95, 96, 99, 101, 105, 114, 116, 119, 120, 123, 125]
48 [35] [3, 5, 6, 9, 10, 12, 23, 27, 29, 30, 39, 43, 45, 46, 63, 65, 66, 68, 72, 83, 85, 86, 89, 90, 92, 99, 101, 102, 105, 106, 108, 119, 123, 125, 126]
51 [35] [0, 5, 6, 9, 10, 15, 20, 24, 29, 30, 36, 40, 45, 46, 60, 65, 66, 71, 75, 80, 85, 86, 89, 90, 95, 96, 101, 102, 105, 106, 111, 116, 120, 125, 126]
53 [35] [0, 3, 6, 9, 12, 15, 18, 24, 27, 30, 34, 40, 43, 46, 58, 65, 68, 71, 77, 80, 83, 86, 89, 92, 95, 96, 99, 102, 105, 108, 111, 114, 120, 123, 126]
54 [35] [0, 3, 5, 10, 12, 15, 17, 24, 27, 29, 33, 40, 43, 45, 57, 66, 68, 71, 78, 80, 83, 85, 90, 92, 95, 96, 99, 101, 106, 108, 111, 113, 120, 123, 125]
57 [35] [0, 3, 5, 10, 12, 15, 18, 20, 23, 30, 34, 36, 39, 46, 54, 65, 72, 75, 77, 80, 83, 85, 90, 92, 95, 96, 99, 101, 106, 108, 111, 114, 116, 119, 126]
58 [35] [0, 3, 6, 9, 12, 15, 17, 20, 23, 29, 33, 36, 39, 45, 53, 66, 72, 75, 78, 80, 83, 86, 89, 92, 95, 96, 99, 102, 105, 108, 111, 113, 116, 119, 125]
60 [35] [0, 5, 6, 9, 10, 15, 17, 18, 23, 27, 33, 34, 39, 43, 51, 68, 72, 77, 78, 80, 85, 86, 89, 90, 95, 96, 101, 102, 105, 106, 111, 113, 114, 119, 123]
63 [35] [3, 5, 6, 9, 10, 12, 17, 18, 20, 24, 33, 34, 36, 40, 48, 71, 75, 77, 78, 83, 85, 86, 89, 90, 92, 99, 101, 102, 105, 106, 108, 113, 114, 116, 120]
65 [35] [6, 10, 12, 15, 18, 20, 23, 24, 27, 29, 34, 36, 39, 40, 43, 45, 48, 51, 53, 57, 78, 86, 90, 92, 95, 102, 106, 108, 111, 114, 116, 119, 120, 123, 125]
66 [35] [5, 9, 12, 15, 17, 20, 23, 24, 27, 30, 33, 36, 39, 40, 43, 46, 48, 51, 54, 58, 77, 85, 89, 92, 95, 101, 105, 108, 111, 113, 116, 119, 120, 123, 126]
68 [35] [3, 9, 10, 15, 17, 18, 23, 24, 29, 30, 33, 34, 39, 40, 45, 46, 48, 53, 54, 60, 75, 83, 89, 90, 95, 99, 105, 106, 111, 113, 114, 119, 120, 125, 126]
71 [35] [0, 9, 10, 12, 17, 18, 20, 27, 29, 30, 33, 34, 36, 43, 45, 46, 51, 53, 54, 63, 72, 80, 89, 90, 92, 96, 105, 106, 108, 113, 114, 116, 123, 125, 126]
72 [35] [3, 5, 6, 15, 17, 18, 20, 27, 29, 30, 33, 34, 36, 43, 45, 46, 48, 57, 58, 60, 71, 83, 85, 86, 95, 99, 101, 102, 111, 113, 114, 116, 123, 125, 126]
75 [35] [0, 5, 6, 12, 17, 18, 23, 24, 29, 30, 33, 34, 39, 40, 45, 46, 51, 57, 58, 63, 68, 80, 85, 86, 92, 96, 101, 102, 108, 113, 114, 119, 120, 125, 126]
77 [35] [0, 3, 6, 10, 17, 20, 23, 24, 27, 30, 33, 36, 39, 40, 43, 46, 53, 57, 60, 63, 66, 80, 83, 86, 90, 96, 99, 102, 106, 113, 116, 119, 120, 123, 126]
78 [35] [0, 3, 5, 9, 18, 20, 23, 24, 27, 29, 34, 36, 39, 40, 43, 45, 54, 58, 60, 63, 65, 80, 83, 85, 89, 96, 99, 101, 105, 114, 116, 119, 120, 123, 125]
80 [35] [3, 5, 6, 9, 10, 12, 23, 27, 29, 30, 33, 34, 36, 40, 51, 53, 54, 57, 58, 60, 71, 75, 77, 78, 95, 99, 101, 102, 105, 106, 108, 119, 123, 125, 126]
83 [35] [0, 5, 6, 9, 10, 15, 20, 24, 29, 30, 33, 34, 39, 43, 48, 53, 54, 57, 58, 63, 68, 72, 77, 78, 92, 96, 101, 102, 105, 106, 111, 116, 120, 125, 126]
85 [35] [0, 3, 6, 9, 12, 15, 18, 24, 27, 30, 33, 36, 39, 45, 48, 51, 54, 57, 60, 63, 66, 72, 75, 78, 90, 96, 99, 102, 105, 108, 111, 114, 120, 123, 126]
86 [35] [0, 3, 5, 10, 12, 15, 17, 24, 27, 29, 34, 36, 39, 46, 48, 51, 53, 58, 60, 63, 65, 72, 75, 77, 89, 96, 99, 101, 106, 108, 111, 113, 120, 123, 125]
89 [35] [0, 3, 5, 10, 12, 15, 18, 20, 23, 30, 33, 40, 43, 45, 48, 51, 53, 58, 60, 63, 66, 68, 71, 78, 86, 96, 99, 101, 106, 108, 111, 114, 116, 119, 126]
90 [35] [0, 3, 6, 9, 12, 15, 17, 20, 23, 29, 34, 40, 43, 46, 48, 51, 54, 57, 60, 63, 65, 68, 71, 77, 85, 96, 99, 102, 105, 108, 111, 113, 116, 119, 125]
92 [35] [0, 5, 6, 9, 10, 15, 17, 18, 23, 27, 36, 40, 45, 46, 48, 53, 54, 57, 58, 63, 65, 66, 71, 75, 83, 96, 101, 102, 105, 106, 111, 113, 114, 119, 123]
95 [35] [3, 5, 6, 9, 10, 12, 17, 18, 20, 24, 39, 43, 45, 46, 51, 53, 54, 57, 58, 60, 65, 66, 68, 72, 80, 99, 101, 102, 105, 106, 108, 113, 114, 116, 120]
96 [35] [3, 5, 6, 9, 10, 12, 17, 18, 20, 24, 39, 43, 45, 46, 51, 53, 54, 57, 58, 60, 71, 75, 77, 78, 83, 85, 86, 89, 90, 92, 111, 119, 123, 125, 126]
99 [35] [0, 5, 6, 9, 10, 15, 17, 18, 23, 27, 36, 40, 45, 46, 48, 53, 54, 57, 58, 63, 68, 72, 77, 78, 80, 85, 86, 89, 90, 95, 108, 116, 120, 125, 126]
101 [35] [0, 3, 6, 9, 12, 15, 17, 20, 23, 29, 34, 40, 43, 46, 48, 51, 54, 57, 60, 63, 66, 72, 75, 78, 80, 83, 86, 89, 92, 95, 106, 114, 120, 123, 126]
102 [35] [0, 3, 5, 10, 12, 15, 18, 20, 23, 30, 33, 40, 43, 45, 48, 51, 53, 58, 60, 63, 65, 72, 75, 77, 80, 83, 85, 90, 92, 95, 105, 113, 120, 123, 125]
105 [35] [0, 3, 5, 10, 12, 15, 17, 24, 27, 29, 34, 36, 39, 46, 48, 51, 53, 58, 60, 63, 66, 68, 71, 78, 80, 83, 85, 90, 92, 95, 102, 114, 116, 119, 126]
106 [35] [0, 3, 6, 9, 12, 15, 18, 24, 27, 30, 33, 36, 39, 45, 48, 51, 54, 57, 60, 63, 65, 68, 71, 77, 80, 83, 86, 89, 92, 95, 101, 113, 116, 119, 125]
108 [35] [0, 5, 6, 9, 10, 15, 20, 24, 29, 30, 33, 34, 39, 43, 48, 53, 54, 57, 58, 63, 65, 66, 71, 75, 80, 85, 86, 89, 90, 95, 99, 113, 114, 119, 123]
111 [35] [3, 5, 6, 9, 10, 12, 23, 27, 29, 30, 33, 34, 36, 40, 51, 53, 54, 57, 58, 60, 65, 66, 68, 72, 83, 85, 86, 89, 90, 92, 96, 113, 114, 116, 120]
113 [35] [0, 3, 5, 9, 18, 20, 23, 24, 27, 29, 34, 36, 39, 40, 43, 45, 54, 58, 60, 63, 66, 68, 71, 72, 75, 77, 86, 90, 92, 95, 102, 106, 108, 111, 126]
114 [35] [0, 3, 6, 10, 17, 20, 23, 24, 27, 30, 33, 36, 39, 40, 43, 46, 53, 57, 60, 63, 65, 68, 71, 72, 75, 78, 85, 89, 92, 95, 101, 105, 108, 111, 125]
116 [35] [0, 5, 6, 12, 17, 18, 23, 24, 29, 30, 33, 34, 39, 40, 45, 46, 51, 57, 58, 63, 65, 66, 71, 72, 77, 78, 83, 89, 90, 95, 99, 105, 106, 111, 123]
119 [35] [3, 5, 6, 15, 17, 18, 20, 27, 29, 30, 33, 34, 36, 43, 45, 46, 48, 57, 58, 60, 65, 66, 68, 75, 77, 78, 80, 89, 90, 92, 96, 105, 106, 108, 120]
120 [35] [0, 9, 10, 12, 17, 18, 20, 27, 29, 30, 33, 34, 36, 43, 45, 46, 51, 53, 54, 63, 65, 66, 68, 75, 77, 78, 83, 85, 86, 95, 99, 101, 102, 111, 119]
123 [35] [3, 9, 10, 15, 17, 18, 23, 24, 29, 30, 33, 34, 39, 40, 45, 46, 48, 53, 54, 60, 65, 66, 71, 72, 77, 78, 80, 85, 86, 92, 96, 101, 102, 108, 116]
125 [35] [5, 9, 12, 15, 17, 20, 23, 24, 27, 30, 33, 36, 39, 40, 43, 46, 48, 51, 54, 58, 65, 68, 71, 72, 75, 78, 80, 83, 86, 90, 96, 99, 102, 106, 114]
126 [35] [6, 10, 12, 15, 18, 20, 23, 24, 27, 29, 34, 36, 39, 40, 43, 45, 48, 51, 53, 57, 66, 68, 71, 72, 75, 77, 80, 83, 85, 89, 96, 99, 101, 105, 113]

